1258863391391391391
asds








1258863391391391391















1258863391391391391
1258863391391391391
1258863391391391391
1258863391391391391
1258863391391391391
1258863391391391391
1258863391391391391
1258863391391391391
1258863391391391391
1258863391391391391
1258863391391391391
1258863391391391391
1258863391391391391
1258863391391391391
1258863391391391391
1258863391391391391
1258863391391391391
1258863391391391391
1258863391391391391
1258863391391391391
1258863391391391391
1258863391391391391
1258863391391391391
1258863391391391391
1258863391391391391
1258863391391391391
1258863391391391391
1258863391391391391
1258863391391391391
1258863391391391391
1258863391391391391
1258863391391391391
1258863391391391391
1258863391391391391
1258863391391391391
1258863391391391391
1258863391391391391
1258863391391391391
1258863391391391391
1258863391391391391
1258863391391391391
1258863391391391391
1258863391391391391
1258863391391391391
1258863391391391391

